300, 100, 200,2015, 11, 20,2015, 11, 22
301, 102, 202,2015, 11, 24,2015, 11, 25
302, 102, 203,2015, 12, 10,2015, 12, 12
303, 100, 201,2015, 11, 21,2015, 11, 25
304, 100, 200,2015, 11, 24,2015, 11, 27
305, 101, 202,2015, 11, 26,2015, 11, 27
306, 102, 203,2015, 12, 15,2015, 12, 20
307, 101, 201,2015, 12, 1,2015, 12, 10
308, 102, 201,2015, 12, 11,2015, 12, 15
309, 100, 202,2015, 11, 28,2015, 12, 2
310, 100, 205,2015, 11, 20,2015, 11, 22
311, 102, 207,2015, 11, 24,2015, 11, 25
312, 102, 206,2015, 12, 10,2015, 12, 12
313, 100, 208,2015, 11, 21,2015, 11, 25
314, 100, 205,2015, 11, 24,2015, 11, 27
315, 101, 207,2015, 11, 26,2015, 11, 27
316, 102, 207,2015, 12, 15,2015, 12, 20
317, 101, 209,2015, 12, 1,2015, 12, 10
318, 102, 209,2015, 12, 11,2015, 12, 15
319, 100, 206,2015, 11, 28,2015, 12, 2